===== KNN (k=1) =====
              precision    recall  f1-score   support

           0      0.553     0.263     0.356       160
           1      0.376     0.376     0.376       141
           2      0.481     0.422     0.450       154
           3      0.390     0.377     0.383       159
           4      0.700     0.732     0.716       153
           5      0.836     0.972     0.899       142
           6      0.478     0.600     0.532       145
           7      0.633     0.786     0.702       145
           8      0.971     1.000     0.985       167
           9      0.993     1.000     0.996       134

    accuracy                          0.648      1500
   macro avg      0.641     0.653     0.639      1500
weighted avg      0.640     0.648     0.636      1500


===== Random Forest (n=300) =====
              precision    recall  f1-score   support

           0      0.966     0.525     0.680       160
           1      0.656     0.610     0.632       141
           2      0.774     0.825     0.799       154
           3      0.721     0.635     0.676       159
           4      0.944     1.000     0.971       153
           5      0.866     0.958     0.910       142
           6      0.714     0.897     0.795       145
           7      0.829     1.000     0.906       145
           8      0.994     1.000     0.997       167
           9      1.000     1.000     1.000       134

    accuracy                          0.842      1500
   macro avg      0.847     0.845     0.837      1500
weighted avg      0.848     0.842     0.836      1500


===== Gradient Boosting =====
              precision    recall  f1-score   support

           0      0.731     0.425     0.538       160
           1      0.708     0.652     0.679       141
           2      0.843     0.870     0.856       154
           3      0.774     0.648     0.705       159
           4      0.936     0.961     0.948       153
           5      0.677     0.620     0.647       142
           6      0.719     0.972     0.827       145
           7      0.806     1.000     0.892       145
           8      0.888     1.000     0.941       167
           9      1.000     1.000     1.000       134

    accuracy                          0.813      1500
   macro avg      0.808     0.815     0.803      1500
weighted avg      0.808     0.813     0.802      1500


===== XGBoost =====
              precision    recall  f1-score   support

           0      0.992     0.750     0.854       160
           1      0.853     0.823     0.838       141
           2      0.874     0.987     0.927       154
           3      0.937     0.931     0.934       159
           4      0.987     0.980     0.984       153
           5      0.966     0.986     0.976       142
           6      0.918     1.000     0.957       145
           7      0.967     1.000     0.983       145
           8      0.977     1.000     0.988       167
           9      0.993     1.000     0.996       134

    accuracy                          0.945      1500
   macro avg      0.946     0.946     0.944      1500
weighted avg      0.947     0.945     0.943      1500


