===== KNN (k=1) =====
              precision    recall  f1-score   support

         0.0      0.558     0.549     0.553      1917
         1.0      0.441     0.455     0.448      1559
         2.0      0.064     0.060     0.062       166
         3.0      0.026     0.027     0.027        74
         4.0      0.083     0.059     0.069        17
         5.0      1.000     0.200     0.333        10
         6.0      0.000     0.000     0.000         8
         7.0      0.000     0.000     0.000         1
         8.0      0.000     0.000     0.000         0
         9.0      0.000     0.000     0.000         0

    accuracy                          0.474      3752
   macro avg      0.217     0.135     0.149      3752
weighted avg      0.475     0.474     0.473      3752


===== Random Forest (n=300) =====
              precision    recall  f1-score   support

         0.0      0.637     0.818     0.716      1917
         1.0      0.574     0.474     0.519      1559
         2.0      0.000     0.000     0.000       166
         3.0      0.000     0.000     0.000        74
         4.0      0.000     0.000     0.000        17
         5.0      0.000     0.000     0.000        10
         6.0      0.000     0.000     0.000         8
         7.0      0.000     0.000     0.000         1

    accuracy                          0.615      3752
   macro avg      0.151     0.161     0.154      3752
weighted avg      0.564     0.615     0.582      3752


===== Gradient Boosting =====
              precision    recall  f1-score   support

         0.0      0.637     0.842     0.726      1917
         1.0      0.587     0.455     0.513      1559
         2.0      0.000     0.000     0.000       166
         3.0      0.500     0.027     0.051        74
         4.0      0.000     0.000     0.000        17
         5.0      0.000     0.000     0.000        10
         6.0      0.000     0.000     0.000         8
         7.0      0.000     0.000     0.000         1
         8.0      0.000     0.000     0.000         0

    accuracy                          0.620      3752
   macro avg      0.192     0.147     0.143      3752
weighted avg      0.579     0.620     0.585      3752


===== XGBoost =====
              precision    recall  f1-score   support

         0.0      0.761     0.886     0.819      1917
         1.0      0.692     0.659     0.675      1559
         2.0      0.348     0.048     0.085       166
         3.0      0.500     0.054     0.098        74
         4.0      0.500     0.059     0.105        17
         5.0      1.000     0.100     0.182        10
         6.0      0.000     0.000     0.000         8
         7.0      0.000     0.000     0.000         1
         8.0      0.000     0.000     0.000         0
         9.0      0.000     0.000     0.000         0

    accuracy                          0.730      3752
   macro avg      0.380     0.181     0.196      3752
weighted avg      0.707     0.730     0.706      3752


